24359
56592
51560
6145
17814
8286
36366
11685
15738
24649
47320
26832
46198
42587
10407
36510
40816
36173
38072
60563
49920
24161
27212
56631
35458
23091
28712
38066
125
46893
49182
58758
40187
44211
10469
62725
58005
10634
20191
34443
46624
14896
22565
31379
8476
20756
47768
56629
47242
33563
63799
52516
15066
52969
2931
10962
31916
57608
36209
19814
24313
45818
9678
33483
3773
23353
11315
22443
4080
26796
10001
9682
49290
63885
15625
12670
54783
11256
64467
21215
27862
39423
37181
20112
16545
56395
44886
16544
34649
57641
12632
59336
18301
39617
18276
58437
14730
47752
31334
46442
54468
383
31512
9402
55727
354
5635
64423
58378
59993
13860
7106
32497
22408
61302
65285
10739
43764
42372
4235
21101
58222
34670
25720
43601
25872
32214
59804
33404
43833
61219
63253
64404
35268
18089
61003
27304
34502
17131
52152
14234
63161
47492
53775
38927
11987
45955
49422
49981
9401
44671
11857
53030
50109
3238
59598
10046
46894
41886
49582
7456
17031
11947
32031
11873
23629
42845
1462
19563
49947
8256
41845
24026
22038
21001
61085
51448
1784
13448
25685
42587
13422
34020
62062
7774
54204
16672
60887
56679
16617
55590
51126
48888
53570
1766
27868
10181
56592
1119
42423
45187
10040
49012
34618
65308
40002
64203
12943
4097
57979
14514
51047
58924
12916
17303
46582
7107
16005
1775
6238
12326
26987
50736
39273
38890
19393
7530
50880
30990
11839
21271
47349
61134
4005
35889
23165
36405
28981
19920
35321
25606
10180
14788
628
36658
589
10476
42880
3598
11605
11752
14824
224
52492
55360
58910
4036
37591
27272
50601
25941
54865
63696
43883
47153
31171
24230
9555
44245
10073
12534
59258
50274
2698
46752
6931
32039
24878
14032
47358
64577
11586
44135
64185
56805
3104
65031
30442
51377
7615
343
1815
20893
55068
51556
38080
11864
14855
31440
17136
50400
58084
16347
39142
52717
38475
4561
49410
1434
58766
12279
9896
10208
21992
1309
44247
42567
27343
24526
61382
26290
34067
42168
64629
18920
46560
41705
15282
24684
13091
64710
63787
22220
53794
29387
38116
21747
55736
32021
37865
63368
12223
29185
5849
11303
45345
23000
51206
8884
49635
38108
51630
39963
28347
43367
9562
6996
62561
9813
29298
44239
3650
12800
63739
31992
63184
33447
16783
33839
45870
29158
29212
28662
52088
11430
54000
16972
25520
43853
36564
4945
16538
54758
1478
64270
23267
42240
37577
33587
31472
3373
19464
34773
62513
24483
18431
9221
100
35279
13339
196
48674
14085
20573
906
17003
30178
6457
10928
5883
50660
23698
12948
32635
44147
6524
3055
53734
27148
13170
62247
29572
39982
43704
10109
51094
30155
4861
30771
46950
25102
26999
37688
57749
62214
6813
48425
57303
47899
1988
15136
9141
23422
7257
44317
25637
40778
37797
10468
29512
53515
26872
27196
5577
45811
42844
37936
24608
12243
59747
1977
31170
16256
30698
54640
65416
52182
7618
29067
42266
3919
8275
4619
64918
51780
26895
36498
22049
23515
64165
40524
26018
52858
26161
58111
58419
63653
20945
40562
18108
8610
57804
6689
18453
2178
14780
26020
17771
37703
31329
59354
61250
54844
58674
28350
24587
4205
54884
41844
17591
56488
25488
36923
42904
21988
54887
54940
55823
42402
19022
14759
29379
12786
10113
48286
58372
60055
28883
7776
40336
32923
8329
22344
19872
19593
36639
44703
48101
27914
58071
20481
64956
3247
16967
9458
49608
35299
19867
21748
2710
27174
46031
48067
34861
412
28919
875
32650
44116
58199
54139
49566
30477
54398
47534
2392
27891
23594
28513
26129
11726
4793
56326
21864
26583
62112
29786
22973
47411
455
12730
12541
61942
65393
33290
5830
49123
57176
32
32079
15434
29012
5133
28162
22872
48257
29472
56823
45683
63382
54854
1862
10715
46123
46015
40741
6228
31366
48254
9700
43191
19744
50830
45450
34061
4311
31434
23132
60346
50944
60690
49652
64751
41819
29041
13922
59977
63372
52877
25344
14187
31422
64596
52405
27019
52259
7598
63329
4378
1305
23299
49783
43651
31064
51730
35748
17728
15242
5135
64499
33299
57600
3495
5738
19849
12837
52025
31501
47680
48409
53076
42626
45521
34548
65424
55746
31544
44142
58741
56931
42300
38612
2983
59254
487
21472
48136
48358
35053
39261
3941
21495
6435
26016
50099
6977
53271
1844
8234
65390
41407
34272
55265
30888
52309
63587
14650
31407
62729
45747
31664
42010
7264
31401
60342
32663
5242
2858
26222
38192
53922
14800
47758
44399
26803
36836
22994
19707
60478
13943
25654
41345
18676
48540
42310
59467
23695
45558
6404
38993
41911
45167
2769
9456
50211
59435
49797
8244
59427
54505
62352
31674
58824
43628
3387
2604
48996
2568
706
39263
3887
28906
56182
45631
15424
32204
8148
28807
63012
561
9548
60611
58975
31744
248
22428
65156
25256
3823
25156
28193
56664
6443
42276
30800
22573
11208
59389
58621
49928
36283
1481
10386
28728
31266
28437
3525
53620
32952
22344
23287
8476
41050
30998
46917
10911
36558
11252
52560
20816
22988
40007
6937
65398
55425
14989
344
18910
52981
34529
59826
44318
20429
59005
58482
56159
51601
7252
1004
481
19601
48350
18510
18208
21143
48131
57760
29544
39773
15039
23179
20566
19818
32058
19485
50765
21366
29085
9430
45949
4257
12346
25202
58693
49717
9979
8742
9294
53802
16547
54515
27754
41742
56466
8444
56554
63941
10656
58471
47959
44270
50824
64983
47890
4620
2187
63671
14128
13994
5534
15429
58014
7554
65276
37419
50109
21947
9036
10297
56973
35430
33138
61300
24880
25478
65076
62604
17485
56637
25613
533
19023
18143
36206
16099
61217
28510
29448
12788
58626
14480
397
31822
973
19427
43233
26
21898
64266
37465
5462
3802
19141
41066
53231
35556
42639
39086
25454
47652
1832
46379
64888
10518
15486
60407
21716
51339
13044
24787
61035
52337
11660
2855
14191
16622
5975
51356
64273
48888
57356
314
3637
62412
50892
6625
58198
24453
3231
9624
57371
53556
41654
18762
891
10334
30949
53474
41643
55008
23489
1106
41803
31039
12553
57088
48552
47263
33148
10505
35269
1820
57921
24458
43133
51063
2811
58443
30358
6695
24992
9672
52549
1552
65374
43741
16877
37058
48082
505
45234
52062
35472
40483
10850
62590
25494
19862
22822
52894
